data/output/topography.asc
ncols 101
nrows 101
xllcorner 285410
yllcorner 6307904
cellsize 100
NODATA_value 0
[rows 0 to 33 of 101, columns 0 to 76 of 101]
577.0 576.0 576.0 574.0 572.0 570.0 568.0 569.0 569.0 568.0 568.0 569.0 570.0 570.0 568.0 570.0 570.0 573.0 575.0 577.0 578.0 579.0 573.0 572.0 571.0 571.0 574.0 577.0 577.0 578.0 578.0 579.0 581.0 584.0 584.0 585.0 586.0 585.0 583.0 583.0 580.0 578.0 577.0 575.0 576.0 575.0 576.0 578.0 581.0 581.0 583.0 585.0 585.0 586.0 586.0 587.0 586.0 583.0 581.0 581.0 581.0 582.0 585.0 588.0 590.0 593.0 595.0 596.0 597.0 595.0 595.0 596.0 597.0 598.0 600.0 601.0 601.0
575.0 576.0 574.0 572.0 571.0 567.0 566.0 566.0 564.0 565.0 568.0 568.0 566.0 567.0 566.0 567.0 569.0 573.0 574.0 576.0 578.0 578.0 573.0 570.0 570.0 573.0 572.0 573.0 573.0 574.0 574.0 577.0 578.0 579.0 580.0 582.0 582.0 583.0 581.0 581.0 580.0 578.0 577.0 573.0 571.0 569.0 572.0 578.0 579.0 578.0 581.0 583.0 583.0 583.0 584.0 583.0 584.0 581.0 578.0 579.0 580.0 579.0 583.0 584.0 587.0 589.0 592.0 591.0 595.0 593.0 593.0 592.0 594.0 596.0 596.0 600.0 600.0
574.0 575.0 572.0 571.0 571.0 569.0 567.0 565.0 564.0 565.0 566.0 565.0 565.0 565.0 564.0 566.0 569.0 571.0 573.0 578.0 577.0 577.0 575.0 571.0 570.0 571.0 568.0 567.0 569.0 571.0 571.0 572.0 575.0 575.0 577.0 580.0 580.0 581.0 581.0 581.0 579.0 574.0 574.0 574.0 569.0 567.0 571.0 576.0 578.0 578.0 578.0 579.0 578.0 580.0 581.0 581.0 582.0 579.0 577.0 576.0 577.0 578.0 581.0 580.0 586.0 586.0 587.0 588.0 591.0 589.0 591.0 591.0 591.0 592.0 594.0 597.0 597.0
573.0 573.0 573.0 572.0 570.0 569.0 567.0 565.0 564.0 562.0 563.0 562.0 562.0 563.0 563.0 565.0 568.0 569.0 569.0 573.0 574.0 575.0 575.0 571.0 569.0 567.0 567.0 563.0 566.0 568.0 568.0 569.0 572.0 574.0 576.0 578.0 580.0 581.0 579.0 576.0 574.0 575.0 574.0 571.0 566.0 568.0 571.0 574.0 575.0 575.0 576.0 578.0 578.0 579.0 581.0 580.0 580.0 579.0 576.0 576.0 576.0 579.0 579.0 579.0 580.0 583.0 584.0 586.0 587.0 588.0 587.0 589.0 590.0 591.0 591.0 595.0 593.0
572.0 573.0 572.0 570.0 570.0 568.0 569.0 566.0 565.0 559.0 561.0 561.0 560.0 559.0 561.0 562.0 565.0 565.0 566.0 571.0 571.0 572.0 571.0 573.0 572.0 571.0 566.0 564.0 564.0 565.0 568.0 569.0 571.0 575.0 573.0 576.0 576.0 576.0 575.0 576.0 573.0 571.0 571.0 570.0 564.0 565.0 567.0 572.0 572.0 573.0 573.0 576.0 576.0 578.0 579.0 581.0 581.0 579.0 576.0 575.0 575.0 577.0 577.0 576.0 580.0 581.0 582.0 583.0 585.0 586.0 584.0 586.0 586.0 588.0 590.0 591.0 590.0
572.0 572.0 570.0 571.0 570.0 569.0 568.0 567.0 565.0 560.0 560.0 558.0 557.0 559.0 560.0 561.0 562.0 563.0 564.0 566.0 567.0 569.0 569.0 572.0 572.0 572.0 567.0 564.0 563.0 563.0 567.0 565.0 567.0 569.0 569.0 572.0 573.0 573.0 574.0 573.0 569.0 569.0 569.0 568.0 563.0 563.0 565.0 569.0 569.0 570.0 571.0 575.0 575.0 576.0 577.0 580.0 577.0 576.0 575.0 573.0 574.0 573.0 574.0 574.0 575.0 580.0 580.0 580.0 583.0 584.0 584.0 585.0 586.0 586.0 586.0 585.0 585.0
574.0 574.0 572.0 571.0 570.0 567.0 564.0 564.0 562.0 559.0 560.0 558.0 557.0 560.0 560.0 559.0 560.0 562.0 561.0 562.0 564.0 567.0 566.0 569.0 571.0 570.0 569.0 563.0 559.0 558.0 563.0 564.0 564.0 568.0 568.0 570.0 569.0 571.0 570.0 568.0 567.0 567.0 567.0 565.0 562.0 561.0 563.0 565.0 568.0 569.0 569.0 572.0 574.0 574.0 578.0 576.0 575.0 574.0 571.0 571.0 571.0 572.0 573.0 573.0 573.0 578.0 579.0 579.0 581.0 582.0 583.0 582.0 581.0 582.0 585.0 585.0 584.0
572.0 574.0 572.0 570.0 567.0 564.0 562.0 561.0 560.0 557.0 556.0 556.0 556.0 557.0 559.0 559.0 556.0 559.0 560.0 561.0 564.0 564.0 564.0 565.0 565.0 563.0 562.0 561.0 558.0 557.0 559.0 561.0 563.0 566.0 567.0 567.0 566.0 567.0 568.0 567.0 565.0 564.0 565.0 564.0 563.0 560.0 563.0 563.0 566.0 567.0 569.0 570.0 571.0 572.0 574.0 572.0 573.0 574.0 573.0 570.0 569.0 569.0 569.0 571.0 573.0 576.0 578.0 579.0 580.0 579.0 580.0 579.0 578.0 580.0 582.0 584.0 583.0
566.0 570.0 570.0 569.0 567.0 565.0 557.0 557.0 557.0 557.0 556.0 556.0 554.0 554.0 556.0 557.0 556.0 555.0 557.0 559.0 561.0 560.0 560.0 562.0 563.0 563.0 560.0 559.0 558.0 556.0 558.0 559.0 561.0 563.0 565.0 565.0 564.0 564.0 565.0 565.0 565.0 562.0 564.0 562.0 561.0 560.0 562.0 562.0 565.0 565.0 567.0 569.0 570.0 570.0 570.0 570.0 571.0 571.0 571.0 569.0 568.0 569.0 568.0 568.0 571.0 574.0 576.0 578.0 578.0 576.0 578.0 577.0 578.0 579.0 582.0 579.0 580.0
562.0 563.0 567.0 565.0 564.0 561.0 555.0 556.0 555.0 555.0 556.0 555.0 553.0 551.0 552.0 552.0 554.0 554.0 553.0 553.0 557.0 560.0 558.0 561.0 560.0 560.0 559.0 555.0 556.0 554.0 556.0 557.0 558.0 560.0 562.0 564.0 562.0 562.0 561.0 562.0 562.0 562.0 561.0 560.0 559.0 557.0 560.0 562.0 564.0 563.0 564.0 567.0 568.0 567.0 566.0 569.0 569.0 568.0 568.0 566.0 566.0 565.0 566.0 568.0 570.0 575.0 577.0 578.0 577.0 576.0 577.0 575.0 577.0 576.0 580.0 577.0 579.0
561.0 560.0 562.0 561.0 560.0 559.0 557.0 555.0 555.0 555.0 553.0 554.0 554.0 552.0 552.0 550.0 549.0 552.0 553.0 552.0 555.0 557.0 557.0 560.0 561.0 559.0 558.0 553.0 554.0 554.0 557.0 556.0 556.0 559.0 559.0 561.0 560.0 558.0 559.0 559.0 559.0 561.0 560.0 559.0 556.0 556.0 558.0 559.0 562.0 562.0 563.0 564.0 566.0 565.0 564.0 564.0 564.0 564.0 562.0 563.0 564.0 564.0 565.0 566.0 566.0 570.0 572.0 572.0 574.0 574.0 572.0 572.0 576.0 575.0 575.0 575.0 578.0
563.0 561.0 560.0 559.0 559.0 559.0 559.0 559.0 558.0 562.0 564.0 562.0 560.0 558.0 555.0 554.0 551.0 549.0 548.0 550.0 552.0 555.0 558.0 560.0 559.0 557.0 557.0 553.0 552.0 552.0 554.0 556.0 557.0 561.0 559.0 560.0 560.0 557.0 556.0 555.0 557.0 559.0 556.0 556.0 555.0 556.0 558.0 559.0 561.0 560.0 561.0 560.0 563.0 562.0 562.0 561.0 561.0 561.0 563.0 563.0 563.0 563.0 565.0 564.0 566.0 568.0 569.0 571.0 572.0 572.0 571.0 572.0 575.0 575.0 573.0 573.0 574.0
564.0 562.0 562.0 561.0 559.0 561.0 562.0 567.0 568.0 568.0 567.0 566.0 563.0 561.0 559.0 559.0 556.0 553.0 551.0 548.0 549.0 552.0 554.0 557.0 557.0 556.0 553.0 552.0 549.0 550.0 552.0 556.0 558.0 562.0 559.0 559.0 557.0 555.0 556.0 555.0 557.0 556.0 553.0 553.0 554.0 556.0 557.0 558.0 559.0 559.0 559.0 561.0 559.0 559.0 557.0 560.0 560.0 562.0 561.0 562.0 562.0 561.0 563.0 564.0 565.0 567.0 567.0 569.0 570.0 570.0 571.0 573.0 573.0 574.0 573.0 572.0 573.0
565.0 563.0 562.0 563.0 564.0 568.0 570.0 569.0 571.0 569.0 568.0 568.0 566.0 562.0 562.0 561.0 559.0 558.0 556.0 551.0 546.0 548.0 551.0 555.0 554.0 551.0 552.0 549.0 548.0 551.0 554.0 558.0 558.0 562.0 560.0 558.0 555.0 554.0 554.0 552.0 554.0 551.0 551.0 551.0 552.0 556.0 556.0 555.0 557.0 558.0 559.0 561.0 560.0 558.0 556.0 559.0 558.0 558.0 559.0 560.0 560.0 561.0 560.0 562.0 562.0 565.0 567.0 568.0 568.0 568.0 570.0 572.0 571.0 571.0 571.0 571.0 570.0
570.0 570.0 568.0 567.0 569.0 571.0 573.0 574.0 574.0 573.0 569.0 566.0 568.0 566.0 564.0 562.0 560.0 559.0 556.0 553.0 546.0 547.0 546.0 549.0 551.0 550.0 549.0 546.0 547.0 551.0 554.0 558.0 559.0 562.0 562.0 559.0 557.0 556.0 552.0 550.0 550.0 551.0 550.0 551.0 550.0 553.0 554.0 554.0 554.0 558.0 558.0 559.0 557.0 557.0 557.0 556.0 557.0 558.0 560.0 558.0 558.0 559.0 560.0 563.0 563.0 564.0 566.0 567.0 567.0 569.0 569.0 570.0 570.0 571.0 570.0 571.0 571.0
574.0 572.0 569.0 569.0 568.0 570.0 571.0 573.0 573.0 574.0 571.0 570.0 568.0 566.0 564.0 564.0 560.0 555.0 554.0 552.0 549.0 549.0 547.0 546.0 544.0 546.0 545.0 544.0 547.0 550.0 552.0 554.0 557.0 558.0 561.0 560.0 560.0 557.0 553.0 551.0 548.0 547.0 550.0 551.0 551.0 555.0 555.0 556.0 558.0 557.0 556.0 557.0 555.0 555.0 554.0 557.0 555.0 556.0 556.0 555.0 556.0 557.0 559.0 562.0 562.0 563.0 565.0 566.0 566.0 568.0 568.0 568.0 568.0 569.0 568.0 568.0 570.0
575.0 574.0 572.0 573.0 571.0 572.0 571.0 572.0 570.0 573.0 567.0 567.0 567.0 565.0 562.0 563.0 561.0 554.0 553.0 550.0 548.0 549.0 550.0 550.0 545.0 544.0 543.0 546.0 548.0 547.0 547.0 550.0 553.0 554.0 556.0 553.0 555.0 553.0 550.0 549.0 547.0 545.0 547.0 550.0 550.0 552.0 554.0 554.0 556.0 554.0 553.0 554.0 554.0 553.0 553.0 557.0 556.0 556.0 554.0 554.0 554.0 556.0 560.0 561.0 561.0 563.0 564.0 565.0 565.0 564.0 566.0 567.0 567.0 566.0 566.0 568.0 569.0
579.0 579.0 578.0 575.0 574.0 573.0 574.0 573.0 573.0 571.0 567.0 567.0 565.0 563.0 559.0 558.0 558.0 552.0 550.0 549.0 547.0 550.0 552.0 551.0 547.0 543.0 542.0 542.0 544.0 543.0 542.0 545.0 543.0 542.0 548.0 550.0 551.0 551.0 547.0 548.0 545.0 543.0 547.0 550.0 552.0 552.0 556.0 555.0 556.0 553.0 552.0 551.0 550.0 551.0 551.0 556.0 554.0 554.0 552.0 551.0 552.0 555.0 556.0 559.0 559.0 561.0 564.0 563.0 563.0 564.0 564.0 566.0 564.0 566.0 567.0 566.0 565.0
585.0 583.0 583.0 581.0 578.0 576.0 575.0 575.0 572.0 571.0 567.0 565.0 563.0 562.0 558.0 555.0 557.0 551.0 550.0 548.0 547.0 551.0 553.0 552.0 547.0 544.0 540.0 541.0 538.0 538.0 538.0 538.0 539.0 541.0 544.0 545.0 547.0 547.0 542.0 541.0 541.0 542.0 548.0 549.0 551.0 554.0 557.0 558.0 559.0 554.0 553.0 552.0 548.0 549.0 549.0 551.0 553.0 551.0 551.0 549.0 553.0 554.0 558.0 559.0 559.0 561.0 561.0 560.0 561.0 562.0 562.0 562.0 563.0 565.0 565.0 564.0 565.0
589.0 587.0 586.0 582.0 580.0 578.0 576.0 574.0 574.0 571.0 566.0 564.0 564.0 562.0 558.0 555.0 553.0 551.0 551.0 549.0 547.0 551.0 552.0 550.0 544.0 541.0 539.0 539.0 540.0 539.0 538.0 538.0 537.0 538.0 540.0 542.0 542.0 544.0 540.0 538.0 538.0 542.0 547.0 548.0 550.0 554.0 555.0 557.0 557.0 554.0 552.0 551.0 547.0 546.0 547.0 548.0 551.0 549.0 548.0 549.0 551.0 551.0 553.0 556.0 558.0 558.0 560.0 559.0 558.0 557.0 558.0 562.0 562.0 564.0 563.0 562.0 563.0
592.0 590.0 589.0 587.0 581.0 578.0 576.0 572.0 570.0 570.0 568.0 564.0 563.0 561.0 557.0 554.0 552.0 550.0 550.0 550.0 547.0 551.0 549.0 547.0 542.0 540.0 540.0 541.0 542.0 542.0 541.0 537.0 537.0 534.0 537.0 537.0 537.0 539.0 539.0 536.0 538.0 541.0 546.0 547.0 548.0 550.0 554.0 555.0 555.0 555.0 552.0 548.0 544.0 544.0 546.0 546.0 546.0 547.0 548.0 548.0 549.0 549.0 550.0 553.0 550.0 552.0 556.0 555.0 555.0 557.0 559.0 561.0 562.0 564.0 562.0 561.0 562.0
594.0 592.0 589.0 587.0 582.0 580.0 578.0 571.0 569.0 568.0 566.0 563.0 561.0 560.0 558.0 555.0 552.0 552.0 551.0 546.0 546.0 545.0 543.0 544.0 543.0 542.0 541.0 544.0 544.0 544.0 545.0 541.0 539.0 536.0 535.0 534.0 534.0 534.0 536.0 536.0 537.0 539.0 541.0 542.0 544.0 549.0 551.0 551.0 551.0 551.0 551.0 548.0 542.0 541.0 542.0 542.0 544.0 544.0 546.0 547.0 548.0 549.0 550.0 551.0 550.0 549.0 553.0 553.0 555.0 557.0 559.0 561.0 561.0 562.0 562.0 562.0 561.0
598.0 594.0 591.0 588.0 581.0 579.0 578.0 573.0 572.0 569.0 567.0 564.0 561.0 560.0 558.0 556.0 555.0 552.0 550.0 547.0 547.0 545.0 545.0 545.0 544.0 544.0 544.0 547.0 547.0 547.0 547.0 545.0 539.0 537.0 534.0 533.0 533.0 531.0 533.0 532.0 532.0 534.0 537.0 539.0 542.0 548.0 551.0 549.0 548.0 547.0 546.0 544.0 541.0 542.0 544.0 546.0 549.0 553.0 553.0 556.0 555.0 554.0 553.0 553.0 553.0 551.0 551.0 552.0 553.0 553.0 557.0 556.0 559.0 559.0 560.0 561.0 561.0
599.0 596.0 592.0 589.0 583.0 582.0 579.0 576.0 574.0 572.0 569.0 567.0 566.0 564.0 559.0 556.0 555.0 554.0 550.0 549.0 548.0 546.0 546.0 546.0 545.0 549.0 548.0 546.0 546.0 547.0 546.0 548.0 542.0 541.0 537.0 534.0 533.0 530.0 532.0 531.0 531.0 533.0 537.0 539.0 542.0 545.0 551.0 550.0 548.0 544.0 541.0 541.0 542.0 544.0 546.0 549.0 551.0 554.0 555.0 557.0 558.0 557.0 557.0 557.0 555.0 556.0 553.0 554.0 554.0 553.0 555.0 555.0 558.0 558.0 559.0 559.0 560.0
602.0 597.0 594.0 590.0 585.0 582.0 581.0 579.0 580.0 578.0 576.0 570.0 569.0 567.0 560.0 559.0 556.0 554.0 552.0 550.0 548.0 548.0 547.0 546.0 546.0 546.0 547.0 547.0 546.0 549.0 547.0 546.0 543.0 543.0 540.0 537.0 534.0 533.0 531.0 529.0 530.0 532.0 533.0 535.0 540.0 545.0 549.0 550.0 547.0 544.0 539.0 540.0 543.0 546.0 547.0 548.0 550.0 551.0 553.0 554.0 557.0 559.0 559.0 560.0 560.0 559.0 558.0 556.0 556.0 556.0 555.0 555.0 555.0 557.0 558.0 559.0 560.0
612.0 602.0 598.0 594.0 591.0 590.0 588.0 587.0 584.0 582.0 581.0 575.0 572.0 569.0 563.0 561.0 559.0 557.0 554.0 550.0 550.0 547.0 548.0 547.0 546.0 549.0 549.0 549.0 551.0 550.0 547.0 547.0 544.0 540.0 541.0 535.0 534.0 532.0 530.0 529.0 529.0 530.0 532.0 533.0 536.0 540.0 545.0 537.0 540.0 535.0 537.0 540.0 542.0 547.0 548.0 550.0 550.0 553.0 555.0 553.0 559.0 560.0 562.0 562.0 561.0 563.0 563.0 561.0 560.0 559.0 558.0 558.0 557.0 557.0 560.0 559.0 561.0
614.0 612.0 609.0 605.0 597.0 594.0 593.0 592.0 589.0 588.0 585.0 577.0 575.0 571.0 568.0 565.0 562.0 560.0 556.0 553.0 553.0 551.0 549.0 547.0 546.0 544.0 545.0 546.0 548.0 547.0 547.0 545.0 541.0 541.0 540.0 537.0 534.0 532.0 532.0 528.0 527.0 528.0 533.0 536.0 533.0 533.0 535.0 535.0 535.0 537.0 538.0 539.0 540.0 546.0 547.0 548.0 551.0 553.0 554.0 553.0 557.0 560.0 562.0 563.0 563.0 566.0 565.0 564.0 565.0 563.0 563.0 562.0 563.0 562.0 562.0 562.0 562.0
627.0 617.0 613.0 609.0 602.0 599.0 598.0 598.0 597.0 595.0 591.0 582.0 578.0 574.0 573.0 568.0 566.0 564.0 558.0 557.0 555.0 552.0 549.0 545.0 543.0 538.0 538.0 541.0 543.0 544.0 540.0 539.0 539.0 537.0 539.0 538.0 531.0 529.0 528.0 527.0 528.0 529.0 535.0 532.0 531.0 531.0 534.0 534.0 534.0 536.0 537.0 537.0 538.0 542.0 542.0 544.0 547.0 549.0 550.0 553.0 556.0 559.0 560.0 563.0 564.0 566.0 565.0 565.0 565.0 565.0 566.0 565.0 565.0 566.0 566.0 565.0 566.0
633.0 624.0 619.0 613.0 607.0 604.0 603.0 604.0 604.0 601.0 596.0 586.0 583.0 579.0 578.0 573.0 570.0 567.0 561.0 558.0 556.0 553.0 547.0 544.0 542.0 537.0 536.0 535.0 536.0 540.0 537.0 534.0 533.0 532.0 534.0 533.0 526.0 523.0 523.0 527.0 529.0 529.0 530.0 531.0 531.0 531.0 533.0 534.0 534.0 535.0 537.0 537.0 538.0 541.0 540.0 542.0 546.0 545.0 547.0 549.0 552.0 555.0 556.0 561.0 561.0 564.0 564.0 566.0 566.0 567.0 568.0 567.0 567.0 567.0 568.0 569.0 569.0
640.0 629.0 623.0 619.0 615.0 614.0 612.0 614.0 610.0 610.0 606.0 593.0 588.0 585.0 584.0 577.0 573.0 570.0 562.0 560.0 555.0 550.0 546.0 545.0 543.0 537.0 534.0 533.0 533.0 535.0 532.0 527.0 527.0 524.0 524.0 526.0 523.0 523.0 523.0 527.0 527.0 528.0 528.0 530.0 530.0 531.0 536.0 535.0 534.0 535.0 538.0 538.0 538.0 542.0 542.0 543.0 543.0 545.0 547.0 547.0 550.0 552.0 552.0 554.0 556.0 560.0 562.0 563.0 564.0 566.0 568.0 568.0 568.0 568.0 570.0 571.0 571.0
648.0 633.0 627.0 625.0 624.0 622.0 624.0 621.0 620.0 621.0 618.0 607.0 600.0 595.0 590.0 581.0 578.0 575.0 565.0 563.0 560.0 557.0 548.0 546.0 544.0 538.0 535.0 530.0 529.0 526.0 526.0 522.0 519.0 518.0 520.0 523.0 522.0 526.0 524.0 526.0 526.0 527.0 530.0 531.0 532.0 534.0 537.0 539.0 537.0 538.0 540.0 540.0 540.0 544.0 542.0 542.0 542.0 546.0 548.0 547.0 548.0 550.0 551.0 551.0 554.0 557.0 558.0 558.0 559.0 563.0 565.0 565.0 564.0 565.0 566.0 566.0 570.0
656.0 640.0 635.0 634.0 633.0 634.0 636.0 632.0 630.0 628.0 627.0 625.0 610.0 602.0 594.0 586.0 585.0 582.0 579.0 570.0 567.0 563.0 556.0 552.0 552.0 545.0 545.0 543.0 543.0 535.0 533.0 528.0 519.0 519.0 521.0 521.0 521.0 524.0 527.0 529.0 531.0 533.0 533.0 532.0 533.0 536.0 540.0 542.0 542.0 544.0 544.0 543.0 542.0 545.0 545.0 547.0 547.0 547.0 548.0 547.0 549.0 550.0 550.0 551.0 553.0 555.0 557.0 557.0 559.0 561.0 563.0 565.0 564.0 566.0 568.0 567.0 569.0
670.0 652.0 644.0 646.0 644.0 649.0 647.0 644.0 641.0 640.0 638.0 633.0 615.0 608.0 601.0 596.0 593.0 591.0 586.0 577.0 573.0 569.0 583.0 584.0 578.0 565.0 554.0 555.0 556.0 545.0 540.0 541.0 534.0 518.0 522.0 521.0 521.0 524.0 528.0 534.0 538.0 536.0 537.0 537.0 538.0 538.0 541.0 543.0 546.0 547.0 547.0 548.0 548.0 550.0 551.0 552.0 551.0 553.0 552.0 551.0 552.0 552.0 550.0 552.0 554.0 557.0 559.0 560.0 560.0 563.0 565.0 564.0 566.0 568.0 569.0 570.0 569.0
688.0 672.0 667.0 669.0 662.0 665.0 663.0 658.0 649.0 651.0 651.0 646.0 621.0 617.0 613.0 608.0 604.0 600.0 594.0 587.0 579.0 577.0 590.0 599.0 586.0 571.0 562.0 560.0 555.0 545.0 540.0 536.0 531.0 517.0 521.0 528.0 528.0 529.0 532.0 536.0 540.0 539.0 542.0 543.0 542.0 541.0 541.0 546.0 547.0 550.0 552.0 552.0 550.0 553.0 554.0 551.0 553.0 555.0 556.0 556.0 555.0 554.0 557.0 558.0 560.0 560.0 560.0 564.0 564.0 565.0 566.0 566.0 567.0 570.0 571.0 569.0 571.0
