data/output/topography.asc
ncols 101
nrows 101
xllcorner 285410
yllcorner 6307904
cellsize 100
NODATA_value 0
[rows 34 to 67 of 101, columns 0 to 76 of 101]
714.0 700.0 698.0 690.0 690.0 685.0 682.0 678.0 664.0 667.0 666.0 658.0 640.0 635.0 628.0 618.0 624.0 618.0 612.0 596.0 583.0 575.0 575.0 578.0 570.0 558.0 553.0 551.0 543.0 535.0 531.0 528.0 523.0 518.0 521.0 529.0 534.0 536.0 537.0 540.0 546.0 546.0 549.0 549.0 547.0 545.0 545.0 552.0 552.0 554.0 555.0 553.0 549.0 549.0 550.0 549.0 552.0 553.0 548.0 551.0 555.0 560.0 562.0 563.0 562.0 563.0 565.0 567.0 567.0 567.0 569.0 570.0 572.0 571.0 572.0 573.0 572.0
749.0 741.0 722.0 723.0 723.0 714.0 715.0 711.0 700.0 684.0 686.0 676.0 681.0 665.0 654.0 648.0 643.0 636.0 629.0 609.0 595.0 585.0 568.0 564.0 560.0 555.0 544.0 539.0 535.0 529.0 527.0 524.0 521.0 516.0 520.0 527.0 535.0 539.0 542.0 545.0 549.0 550.0 552.0 548.0 546.0 549.0 553.0 558.0 562.0 561.0 555.0 551.0 550.0 548.0 546.0 541.0 542.0 546.0 549.0 552.0 555.0 562.0 565.0 566.0 566.0 567.0 567.0 569.0 572.0 570.0 572.0 573.0 576.0 576.0 575.0 576.0 577.0
785.0 774.0 753.0 755.0 762.0 749.0 754.0 747.0 733.0 749.0 745.0 738.0 703.0 691.0 683.0 679.0 672.0 662.0 653.0 625.0 612.0 600.0 578.0 575.0 569.0 563.0 550.0 544.0 539.0 537.0 534.0 530.0 526.0 515.0 518.0 523.0 534.0 535.0 540.0 542.0 545.0 545.0 547.0 542.0 541.0 543.0 549.0 560.0 568.0 568.0 549.0 539.0 538.0 538.0 538.0 541.0 544.0 551.0 554.0 559.0 561.0 565.0 567.0 568.0 570.0 572.0 573.0 572.0 576.0 576.0 576.0 577.0 578.0 578.0 580.0 580.0 580.0
819.0 803.0 787.0 788.0 796.0 841.0 832.0 828.0 811.0 784.0 782.0 774.0 739.0 734.0 727.0 717.0 706.0 697.0 682.0 648.0 630.0 614.0 593.0 592.0 583.0 578.0 559.0 555.0 552.0 550.0 546.0 541.0 533.0 516.0 518.0 521.0 528.0 530.0 534.0 535.0 535.0 535.0 536.0 537.0 533.0 537.0 540.0 549.0 541.0 543.0 536.0 535.0 534.0 535.0 536.0 542.0 545.0 558.0 562.0 565.0 568.0 572.0 574.0 575.0 574.0 576.0 579.0 579.0 585.0 583.0 582.0 582.0 584.0 584.0 587.0 587.0 587.0
874.0 863.0 895.0 899.0 901.0 886.0 882.0 880.0 860.0 830.0 822.0 812.0 787.0 786.0 778.0 765.0 743.0 729.0 713.0 673.0 644.0 619.0 607.0 613.0 605.0 604.0 577.0 575.0 569.0 563.0 550.0 543.0 535.0 515.0 515.0 517.0 521.0 526.0 529.0 530.0 530.0 531.0 530.0 531.0 524.0 527.0 528.0 529.0 529.0 531.0 528.0 527.0 530.0 531.0 534.0 540.0 546.0 565.0 569.0 569.0 569.0 575.0 579.0 580.0 575.0 578.0 582.0 585.0 596.0 592.0 586.0 587.0 590.0 594.0 600.0 609.0 603.0
909.0 904.0 907.0 912.0 916.0 920.0 924.0 916.0 903.0 881.0 872.0 861.0 846.0 845.0 831.0 813.0 784.0 770.0 748.0 685.0 655.0 637.0 640.0 646.0 639.0 633.0 604.0 594.0 583.0 572.0 548.0 539.0 530.0 515.0 514.0 514.0 517.0 523.0 526.0 527.0 526.0 519.0 519.0 520.0 521.0 526.0 524.0 523.0 523.0 524.0 525.0 528.0 531.0 535.0 538.0 539.0 541.0 546.0 556.0 558.0 559.0 569.0 574.0 573.0 574.0 578.0 582.0 589.0 611.0 605.0 597.0 593.0 596.0 603.0 615.0 637.0 631.0
874.0 872.0 883.0 892.0 906.0 918.0 919.0 913.0 913.0 920.0 918.0 912.0 890.0 889.0 883.0 870.0 834.0 813.0 783.0 703.0 685.0 675.0 671.0 677.0 669.0 656.0 623.0 608.0 592.0 574.0 555.0 554.0 546.0 520.0 513.0 514.0 514.0 517.0 519.0 517.0 520.0 515.0 515.0 516.0 518.0 519.0 520.0 520.0 523.0 525.0 529.0 536.0 539.0 542.0 547.0 546.0 546.0 547.0 551.0 554.0 555.0 561.0 562.0 566.0 568.0 578.0 582.0 591.0 613.0 611.0 606.0 607.0 613.0 621.0 629.0 642.0 636.0
829.0 822.0 835.0 843.0 865.0 893.0 887.0 871.0 877.0 913.0 921.0 924.0 921.0 920.0 921.0 918.0 899.0 866.0 831.0 795.0 762.0 737.0 721.0 705.0 693.0 678.0 640.0 619.0 603.0 594.0 579.0 573.0 560.0 525.0 535.0 522.0 518.0 510.0 512.0 512.0 512.0 513.0 513.0 513.0 514.0 512.0 515.0 522.0 526.0 534.0 538.0 546.0 546.0 551.0 557.0 558.0 556.0 553.0 555.0 558.0 562.0 566.0 566.0 567.0 571.0 577.0 582.0 587.0 603.0 612.0 618.0 625.0 634.0 643.0 650.0 643.0 632.0
784.0 781.0 790.0 799.0 821.0 862.0 865.0 835.0 829.0 878.0 904.0 914.0 903.0 899.0 895.0 904.0 927.0 910.0 874.0 838.0 831.0 804.0 779.0 750.0 728.0 707.0 685.0 649.0 636.0 623.0 636.0 623.0 611.0 598.0 569.0 561.0 553.0 528.0 523.0 519.0 513.0 510.0 509.0 509.0 513.0 518.0 520.0 530.0 534.0 541.0 547.0 558.0 558.0 561.0 572.0 569.0 566.0 562.0 564.0 569.0 575.0 576.0 575.0 576.0 575.0 578.0 580.0 584.0 598.0 606.0 613.0 627.0 650.0 653.0 652.0 641.0 634.0
750.0 755.0 743.0 756.0 781.0 823.0 816.0 784.0 770.0 863.0 901.0 900.0 865.0 848.0 839.0 855.0 916.0 925.0 910.0 888.0 887.0 864.0 848.0 801.0 768.0 743.0 728.0 741.0 717.0 699.0 671.0 656.0 642.0 629.0 607.0 595.0 587.0 568.0 559.0 551.0 543.0 525.0 514.0 513.0 526.0 532.0 537.0 541.0 543.0 550.0 560.0 577.0 579.0 581.0 588.0 584.0 577.0 573.0 573.0 579.0 585.0 585.0 586.0 588.0 587.0 588.0 588.0 588.0 593.0 596.0 600.0 604.0 622.0 629.0 631.0 629.0 629.0
719.0 726.0 710.0 716.0 741.0 765.0 770.0 729.0 731.0 840.0 875.0 871.0 821.0 793.0 792.0 811.0 888.0 917.0 926.0 927.0 933.0 920.0 903.0 880.0 864.0 849.0 831.0 787.0 762.0 747.0 714.0 700.0 683.0 668.0 650.0 635.0 619.0 594.0 583.0 568.0 555.0 524.0 514.0 529.0 550.0 559.0 568.0 568.0 562.0 567.0 575.0 601.0 608.0 609.0 609.0 605.0 598.0 591.0 586.0 591.0 599.0 596.0 597.0 603.0 602.0 601.0 621.0 617.0 612.0 611.0 611.0 610.0 616.0 618.0 621.0 624.0 630.0
696.0 704.0 702.0 686.0 691.0 706.0 717.0 685.0 718.0 800.0 833.0 834.0 795.0 742.0 750.0 771.0 859.0 904.0 928.0 934.0 859.0 853.0 844.0 861.0 880.0 880.0 866.0 827.0 809.0 793.0 753.0 741.0 727.0 716.0 696.0 684.0 665.0 621.0 602.0 581.0 556.0 515.0 535.0 555.0 582.0 593.0 601.0 605.0 600.0 603.0 610.0 633.0 640.0 641.0 642.0 633.0 628.0 627.0 610.0 615.0 617.0 620.0 614.0 643.0 647.0 646.0 645.0 640.0 635.0 633.0 635.0 632.0 626.0 627.0 627.0 635.0 638.0
692.0 680.0 673.0 659.0 656.0 670.0 674.0 659.0 685.0 713.0 781.0 776.0 754.0 706.0 734.0 779.0 824.0 892.0 901.0 868.0 799.0 796.0 782.0 813.0 847.0 869.0 868.0 844.0 828.0 804.0 756.0 741.0 729.0 720.0 710.0 696.0 675.0 628.0 608.0 589.0 552.0 530.0 568.0 592.0 616.0 624.0 630.0 636.0 651.0 658.0 661.0 677.0 684.0 682.0 679.0 672.0 670.0 663.0 652.0 692.0 688.0 686.0 677.0 680.0 683.0 677.0 675.0 669.0 668.0 667.0 666.0 660.0 644.0 641.0 643.0 650.0 656.0
733.0 704.0 674.0 648.0 640.0 641.0 645.0 644.0 663.0 694.0 749.0 730.0 708.0 685.0 713.0 754.0 799.0 860.0 862.0 822.0 756.0 745.0 723.0 733.0 826.0 854.0 854.0 825.0 807.0 782.0 742.0 694.0 676.0 672.0 674.0 662.0 645.0 608.0 592.0 571.0 532.0 535.0 578.0 622.0 658.0 663.0 672.0 679.0 706.0 717.0 720.0 727.0 733.0 729.0 726.0 715.0 764.0 757.0 746.0 742.0 738.0 733.0 724.0 722.0 724.0 718.0 714.0 711.0 710.0 707.0 704.0 693.0 669.0 661.0 669.0 676.0 683.0
734.0 732.0 721.0 682.0 667.0 641.0 627.0 642.0 664.0 697.0 707.0 692.0 661.0 680.0 722.0 766.0 795.0 829.0 834.0 785.0 720.0 704.0 684.0 707.0 791.0 823.0 827.0 790.0 774.0 775.0 749.0 659.0 633.0 617.0 623.0 623.0 612.0 598.0 568.0 551.0 520.0 529.0 568.0 602.0 629.0 683.0 708.0 724.0 751.0 763.0 765.0 772.0 785.0 792.0 801.0 811.0 811.0 807.0 796.0 793.0 788.0 781.0 774.0 772.0 769.0 761.0 756.0 755.0 754.0 754.0 749.0 738.0 704.0 696.0 702.0 711.0 716.0
693.0 703.0 723.0 731.0 709.0 674.0 634.0 616.0 619.0 635.0 657.0 647.0 635.0 694.0 735.0 750.0 757.0 805.0 818.0 790.0 684.0 659.0 647.0 671.0 747.0 784.0 778.0 748.0 732.0 746.0 753.0 689.0 657.0 623.0 582.0 582.0 578.0 572.0 549.0 531.0 510.0 519.0 542.0 565.0 590.0 661.0 694.0 717.0 735.0 710.0 701.0 708.0 739.0 750.0 776.0 804.0 815.0 817.0 823.0 822.0 819.0 816.0 812.0 812.0 814.0 811.0 809.0 806.0 805.0 801.0 795.0 786.0 748.0 741.0 747.0 755.0 759.0
659.0 673.0 698.0 670.0 665.0 658.0 648.0 615.0 605.0 608.0 618.0 620.0 640.0 700.0 710.0 702.0 703.0 770.0 792.0 771.0 666.0 632.0 624.0 649.0 719.0 747.0 744.0 696.0 689.0 708.0 720.0 690.0 656.0 624.0 575.0 558.0 549.0 545.0 538.0 525.0 503.0 536.0 563.0 587.0 614.0 659.0 664.0 654.0 655.0 668.0 656.0 670.0 684.0 697.0 732.0 763.0 787.0 801.0 805.0 815.0 812.0 806.0 809.0 816.0 825.0 832.0 849.0 848.0 846.0 843.0 837.0 829.0 798.0 789.0 799.0 804.0 803.0
633.0 650.0 654.0 637.0 630.0 623.0 618.0 605.0 600.0 600.0 614.0 635.0 666.0 690.0 681.0 658.0 673.0 761.0 772.0 736.0 647.0 615.0 607.0 626.0 671.0 698.0 708.0 651.0 644.0 660.0 669.0 667.0 648.0 617.0 559.0 549.0 537.0 530.0 523.0 515.0 501.0 560.0 600.0 617.0 626.0 625.0 628.0 618.0 628.0 632.0 625.0 644.0 645.0 672.0 694.0 724.0 750.0 771.0 766.0 782.0 774.0 763.0 772.0 787.0 798.0 805.0 845.0 853.0 857.0 854.0 852.0 849.0 843.0 836.0 839.0 841.0 838.0
623.0 641.0 659.0 652.0 634.0 621.0 612.0 600.0 595.0 593.0 608.0 628.0 652.0 668.0 655.0 635.0 662.0 745.0 757.0 722.0 671.0 606.0 586.0 590.0 626.0 660.0 694.0 673.0 608.0 610.0 616.0 625.0 620.0 606.0 554.0 538.0 532.0 527.0 507.0 500.0 508.0 569.0 579.0 583.0 586.0 577.0 580.0 579.0 593.0 600.0 607.0 617.0 619.0 638.0 652.0 691.0 718.0 731.0 716.0 742.0 729.0 719.0 729.0 746.0 744.0 753.0 812.0 833.0 841.0 843.0 843.0 839.0 842.0 844.0 845.0 845.0 843.0
617.0 627.0 653.0 678.0 661.0 642.0 626.0 608.0 598.0 589.0 597.0 609.0 625.0 632.0 629.0 617.0 633.0 709.0 743.0 731.0 690.0 623.0 586.0 572.0 602.0 645.0 678.0 667.0 586.0 572.0 576.0 587.0 585.0 575.0 555.0 517.0 513.0 510.0 499.0 497.0 516.0 543.0 556.0 547.0 551.0 561.0 575.0 581.0 603.0 609.0 603.0 596.0 623.0 635.0 640.0 682.0 700.0 692.0 669.0 701.0 679.0 683.0 689.0 702.0 698.0 719.0 776.0 801.0 807.0 820.0 807.0 806.0 814.0 827.0 823.0 827.0 831.0
617.0 617.0 650.0 705.0 699.0 677.0 658.0 632.0 615.0 590.0 591.0 600.0 611.0 608.0 603.0 600.0 615.0 674.0 704.0 702.0 676.0 616.0 584.0 562.0 583.0 615.0 653.0 673.0 616.0 577.0 556.0 540.0 529.0 529.0 526.0 509.0 504.0 501.0 492.0 503.0 536.0 554.0 542.0 549.0 571.0 602.0 610.0 621.0 619.0 604.0 590.0 592.0 661.0 675.0 674.0 672.0 670.0 650.0 630.0 660.0 635.0 645.0 648.0 655.0 659.0 679.0 739.0 773.0 773.0 790.0 774.0 768.0 783.0 792.0 750.0 763.0 766.0
609.0 621.0 664.0 706.0 730.0 714.0 700.0 670.0 647.0 605.0 580.0 587.0 591.0 593.0 585.0 590.0 603.0 644.0 669.0 663.0 637.0 591.0 569.0 556.0 564.0 592.0 627.0 648.0 593.0 578.0 563.0 532.0 519.0 514.0 511.0 501.0 497.0 493.0 497.0 518.0 537.0 536.0 529.0 560.0 589.0 621.0 630.0 633.0 618.0 575.0 583.0 615.0 665.0 666.0 665.0 661.0 640.0 622.0 611.0 627.0 603.0 603.0 609.0 622.0 636.0 664.0 729.0 745.0 748.0 767.0 756.0 735.0 739.0 736.0 735.0 748.0 742.0
602.0 618.0 651.0 687.0 710.0 708.0 709.0 694.0 674.0 638.0 608.0 578.0 573.0 575.0 577.0 584.0 589.0 603.0 648.0 639.0 616.0 570.0 557.0 549.0 544.0 553.0 564.0 565.0 551.0 542.0 532.0 515.0 510.0 509.0 506.0 497.0 492.0 490.0 511.0 526.0 528.0 517.0 526.0 552.0 577.0 605.0 614.0 612.0 592.0 568.0 597.0 614.0 623.0 628.0 645.0 642.0 618.0 600.0 588.0 597.0 587.0 593.0 604.0 627.0 641.0 658.0 692.0 748.0 753.0 750.0 733.0 728.0 725.0 723.0 723.0 733.0 736.0
595.0 608.0 635.0 659.0 662.0 663.0 668.0 677.0 679.0 666.0 644.0 602.0 580.0 567.0 582.0 599.0 606.0 616.0 632.0 621.0 597.0 556.0 548.0 543.0 532.0 549.0 549.0 543.0 525.0 519.0 514.0 506.0 504.0 503.0 500.0 492.0 489.0 491.0 520.0 521.0 513.0 505.0 538.0 553.0 564.0 577.0 574.0 570.0 564.0 580.0 589.0 579.0 578.0 588.0 614.0 619.0 593.0 583.0 565.0 573.0 580.0 607.0 639.0 757.0 771.0 781.0 785.0 784.0 775.0 770.0 748.0 734.0 721.0 714.0 717.0 723.0 728.0
589.0 596.0 609.0 619.0 616.0 621.0 624.0 630.0 637.0 641.0 644.0 615.0 588.0 568.0 599.0 626.0 638.0 658.0 641.0 622.0 600.0 561.0 545.0 537.0 529.0 543.0 550.0 546.0 525.0 516.0 509.0 505.0 501.0 498.0 496.0 488.0 490.0 492.0 493.0 501.0 498.0 504.0 558.0 579.0 578.0 547.0 541.0 547.0 552.0 580.0 565.0 552.0 571.0 584.0 600.0 594.0 572.0 567.0 557.0 590.0 653.0 684.0 709.0 767.0 777.0 782.0 782.0 781.0 778.0 780.0 769.0 756.0 739.0 710.0 710.0 720.0 726.0
586.0 590.0 589.0 586.0 584.0 583.0 586.0 587.0 590.0 597.0 604.0 599.0 579.0 565.0 595.0 625.0 637.0 640.0 622.0 623.0 626.0 591.0 568.0 544.0 527.0 527.0 533.0 535.0 529.0 519.0 509.0 503.0 500.0 501.0 503.0 496.0 493.0 489.0 488.0 488.0 492.0 504.0 556.0 568.0 557.0 541.0 549.0 569.0 575.0 554.0 544.0 563.0 591.0 611.0 613.0 588.0 543.0 566.0 596.0 624.0 642.0 659.0 678.0 723.0 741.0 761.0 767.0 767.0 765.0 765.0 764.0 758.0 751.0 710.0 710.0 728.0 742.0
581.0 584.0 579.0 574.0 566.0 565.0 564.0 559.0 560.0 565.0 567.0 554.0 554.0 554.0 585.0 602.0 610.0 608.0 583.0 591.0 608.0 612.0 586.0 559.0 536.0 514.0 512.0 513.0 516.0 513.0 505.0 502.0 499.0 501.0 503.0 494.0 490.0 488.0 488.0 487.0 491.0 500.0 527.0 534.0 528.0 521.0 546.0 562.0 557.0 530.0 553.0 584.0 609.0 584.0 581.0 565.0 539.0 567.0 579.0 583.0 592.0 602.0 614.0 644.0 674.0 695.0 729.0 739.0 739.0 741.0 741.0 741.0 739.0 705.0 712.0 736.0 754.0
575.0 571.0 569.0 566.0 560.0 559.0 561.0 565.0 560.0 554.0 548.0 547.0 549.0 550.0 555.0 573.0 576.0 574.0 549.0 552.0 558.0 587.0 574.0 551.0 532.0 507.0 506.0 507.0 504.0 503.0 501.0 500.0 495.0 493.0 493.0 487.0 485.0 484.0 484.0 488.0 490.0 496.0 517.0 518.0 516.0 512.0 521.0 529.0 525.0 511.0 518.0 530.0 538.0 539.0 537.0 530.0 532.0 537.0 544.0 550.0 556.0 561.0 570.0 594.0 611.0 624.0 648.0 681.0 689.0 695.0 697.0 705.0 713.0 710.0 710.0 732.0 747.0
577.0 580.0 579.0 579.0 601.0 591.0 584.0 587.0 592.0 576.0 562.0 544.0 544.0 548.0 550.0 549.0 548.0 545.0 531.0 527.0 524.0 534.0 541.0 525.0 514.0 517.0 519.0 511.0 504.0 501.0 499.0 499.0 493.0 492.0 491.0 487.0 485.0 484.0 484.0 484.0 488.0 492.0 504.0 507.0 506.0 508.0 501.0 500.0 501.0 501.0 504.0 509.0 511.0 518.0 520.0 529.0 553.0 559.0 565.0 565.0 570.0 570.0 570.0 572.0 579.0 583.0 595.0 615.0 628.0 639.0 651.0 667.0 684.0 692.0 713.0 728.0 740.0
587.0 606.0 616.0 626.0 633.0 623.0 614.0 620.0 631.0 611.0 594.0 548.0 540.0 543.0 543.0 539.0 536.0 533.0 528.0 526.0 523.0 522.0 519.0 513.0 512.0 521.0 520.0 512.0 510.0 507.0 500.0 498.0 495.0 494.0 494.0 491.0 488.0 483.0 483.0 481.0 483.0 486.0 493.0 492.0 496.0 496.0 493.0 493.0 493.0 503.0 506.0 510.0 516.0 534.0 537.0 553.0 587.0 595.0 610.0 610.0 613.0 606.0 606.0 606.0 604.0 598.0 597.0 609.0 613.0 617.0 652.0 681.0 691.0 698.0 716.0 724.0 729.0
605.0 601.0 605.0 612.0 652.0 664.0 656.0 662.0 673.0 653.0 633.0 563.0 543.0 540.0 540.0 535.0 532.0 532.0 533.0 532.0 530.0 524.0 517.0 516.0 517.0 515.0 514.0 515.0 516.0 526.0 510.0 504.0 500.0 498.0 496.0 496.0 500.0 493.0 483.0 480.0 480.0 479.0 481.0 486.0 489.0 489.0 489.0 489.0 498.0 510.0 513.0 517.0 528.0 570.0 572.0 584.0 633.0 647.0 668.0 675.0 667.0 657.0 659.0 663.0 654.0 643.0 636.0 652.0 661.0 666.0 678.0 689.0 695.0 700.0 709.0 714.0 716.0
637.0 630.0 628.0 631.0 631.0 670.0 686.0 706.0 709.0 683.0 653.0 591.0 561.0 543.0 541.0 537.0 539.0 543.0 542.0 541.0 537.0 530.0 524.0 523.0 524.0 520.0 518.0 518.0 517.0 518.0 512.0 509.0 502.0 496.0 497.0 508.0 534.0 537.0 537.0 497.0 485.0 480.0 480.0 481.0 483.0 485.0 486.0 494.0 509.0 524.0 529.0 531.0 531.0 561.0 579.0 606.0 645.0 718.0 736.0 740.0 730.0 721.0 721.0 719.0 709.0 695.0 683.0 705.0 718.0 725.0 717.0 709.0 697.0 695.0 703.0 706.0 706.0
670.0 670.0 670.0 669.0 663.0 670.0 687.0 718.0 685.0 654.0 624.0 605.0 570.0 558.0 562.0 571.0 571.0 567.0 555.0 559.0 554.0 545.0 536.0 536.0 537.0 529.0 522.0 519.0 518.0 516.0 511.0 510.0 503.0 502.0 503.0 511.0 526.0 523.0 529.0 515.0 507.0 499.0 487.0 477.0 478.0 480.0 489.0 498.0 509.0 517.0 543.0 556.0 564.0 567.0 568.0 596.0 643.0 736.0 755.0 760.0 760.0 758.0 757.0 755.0 750.0 743.0 738.0 760.0 767.0 764.0 752.0 710.0 693.0 684.0 689.0 655.0 649.0
658.0 685.0 694.0 693.0 690.0 698.0 704.0 720.0 688.0 658.0 636.0 615.0 590.0 592.0 605.0 615.0 606.0 586.0 573.0 586.0 584.0 564.0 558.0 559.0 558.0 554.0 533.0 524.0 521.0 529.0 528.0 522.0 512.0 510.0 506.0 504.0 511.0 502.0 504.0 494.0 493.0 495.0 490.0 477.0 476.0 476.0 499.0 505.0 506.0 514.0 547.0 574.0 598.0 610.0 599.0 607.0 645.0 706.0 734.0 749.0 761.0 768.0 771.0 771.0 779.0 778.0 781.0 787.0 785.0 775.0 761.0 755.0 742.0 722.0 678.0 660.0 644.0
